# P	T	kzz	mean_molecular_weight
6.366100000000000000e+07 3.062130000000000109e+03 3.450000000000000000e+09 2.323977368449033243e+00
5.522900000000000000e+07 2.980860000000000127e+03 3.350000000000000000e+09 2.329269112570868661e+00
4.791300000000000000e+07 2.899750000000000000e+03 3.300000000000000000e+09 2.332487661998254858e+00
4.156700000000000000e+07 2.818679999999999836e+03 3.300000000000000000e+09 2.335288529082086839e+00
3.606100000000000000e+07 2.738039999999999964e+03 3.250000000000000000e+09 2.337847949114443935e+00
3.128400000000000000e+07 2.657739999999999782e+03 3.200000000000000000e+09 2.341650726662473758e+00
2.714000000000000000e+07 2.577619999999999891e+03 3.150000000000000000e+09 2.343341175139209032e+00
2.354500000000000000e+07 2.497699999999999818e+03 3.050000000000000000e+09 2.344995947346508736e+00
2.042700000000000000e+07 2.418710000000000036e+03 2.950000000000000000e+09 2.346270895970187453e+00
1.772100000000000000e+07 2.340500000000000000e+03 2.850000000000000000e+09 2.347214633795730698e+00
1.537400000000000000e+07 2.262949999999999818e+03 2.700000000000000000e+09 2.347863511433911476e+00
1.333700000000000000e+07 2.186610000000000127e+03 2.450000000000000000e+09 2.348580037825295452e+00
1.157100000000000000e+07 2.111690000000000055e+03 2.100000000000000000e+09 2.348699161979336925e+00
1.003800000000000000e+07 2.038089999999999918e+03 1.800000000000000000e+09 2.348644583212589065e+00
8.708400000000000000e+06 1.965990000000000009e+03 1.500000000000000000e+09 2.348071146012098431e+00
7.554900000000000000e+06 1.895670000000000073e+03 1.090000000000000000e+09 2.347579485510743247e+00
6.554200000000000000e+06 1.857240000000000009e+03 7.350000000000000000e+08 2.347294224988337508e+00
5.686000000000000000e+06 1.823049999999999955e+03 4.900000000000000000e+08 2.347113986742886294e+00
4.932900000000000000e+06 1.782359999999999900e+03 3.250000000000000000e+08 2.346496092070674333e+00
4.279500000000000000e+06 1.735769999999999982e+03 2.150000000000000000e+08 2.345969259949883146e+00
3.712600000000000000e+06 1.675109999999999900e+03 1.400000000000000000e+08 2.345436492616870261e+00
3.220800000000000000e+06 1.581990000000000009e+03 9.250000000000000000e+07 2.344953557813211020e+00
2.794200000000000000e+06 1.501309999999999945e+03 7.550000000000000000e+07 2.344927210224023284e+00
2.424100000000000000e+06 1.439269999999999982e+03 7.600000000000000000e+07 2.344807991510807543e+00
2.103000000000000000e+06 1.384390000000000100e+03 7.200000000000000000e+07 2.344695277191773730e+00
1.824400000000000000e+06 1.330759999999999991e+03 6.750000000000000000e+07 2.344516340171098001e+00
1.582800000000000000e+06 1.278859999999999900e+03 6.700000000000000000e+07 2.344327605651440383e+00
1.373100000000000000e+06 1.228670000000000073e+03 6.700000000000000000e+07 2.344335060562545703e+00
1.191200000000000000e+06 1.189819999999999936e+03 6.700000000000000000e+07 2.344689299718579090e+00
1.033500000000000116e+06 1.149130000000000109e+03 6.700000000000000000e+07 2.345087441542257345e+00
8.965700000000000000e+05 1.108269999999999982e+03 6.700000000000000000e+07 2.345660247614803851e+00
7.778100000000000000e+05 1.069180000000000064e+03 6.700000000000000000e+07 2.344966063176013638e+00
6.747800000000000000e+05 1.033309999999999945e+03 6.700000000000000000e+07 2.344987522562727467e+00
5.854000000000000000e+05 9.987000000000000455e+02 6.700000000000000000e+07 2.346025101305217575e+00
5.078600000000000000e+05 9.656100000000000136e+02 6.750000000000000000e+07 2.346181453254854610e+00
4.405900000000000000e+05 9.341599999999999682e+02 6.800000000000000000e+07 2.346496678646859735e+00
3.822300000000000000e+05 9.045299999999999727e+02 6.800000000000000000e+07 2.346678219530593523e+00
3.316000000000000000e+05 8.766900000000000546e+02 6.850000000000000000e+07 2.346737254702047970e+00
2.876800000000000000e+05 8.507599999999999909e+02 6.900000000000000000e+07 2.346782027083413436e+00
2.495700000000000000e+05 8.265199999999999818e+02 6.950000000000000000e+07 2.346755267707167913e+00
2.165100000000000000e+05 8.037300000000000182e+02 7.050000000000000000e+07 2.346768832891595657e+00
1.878300000000000000e+05 7.823700000000000045e+02 7.100000000000000000e+07 2.346772991091670590e+00
1.629500000000000000e+05 7.624900000000000091e+02 7.150000000000000000e+07 2.346784812264849140e+00
1.413700000000000000e+05 7.440499999999999545e+02 7.300000000000000000e+07 2.346784930981204109e+00
1.226400000000000000e+05 7.267999999999999545e+02 7.450000000000000000e+07 2.346783258860379640e+00
1.064000000000000000e+05 7.107400000000000091e+02 7.550000000000000000e+07 2.346789567566821777e+00
9.230500000000000000e+04 6.958400000000000318e+02 7.700000000000000000e+07 2.346790674919130293e+00
8.007900000000000000e+04 6.817999999999999545e+02 7.850000000000000000e+07 2.346783756177867275e+00
6.947200000000000000e+04 6.685000000000000000e+02 8.000000000000000000e+07 2.346779476735609382e+00
6.027000000000000000e+04 6.558600000000000136e+02 8.200000000000000000e+07 2.346780373199632841e+00
5.228600000000000000e+04 6.439199999999999591e+02 8.400000000000000000e+07 2.346775716457188299e+00
4.536100000000000000e+04 6.328899999999999864e+02 8.600000000000000000e+07 2.346770487112035397e+00
3.935200000000000000e+04 6.227100000000000364e+02 8.800000000000000000e+07 2.346774951903756623e+00
3.414000000000000000e+04 6.133600000000000136e+02 9.050000000000000000e+07 2.346781255600204563e+00
2.961800000000000000e+04 6.048400000000000318e+02 9.350000000000000000e+07 2.346794532545174672e+00
2.569400000000000000e+04 5.967999999999999545e+02 9.600000000000000000e+07 2.346791519710991647e+00
2.229100000000000000e+04 5.886699999999999591e+02 9.850000000000000000e+07 2.346786233212479367e+00
1.933800000000000000e+04 5.805000000000000000e+02 1.000000000000000000e+08 2.346781535125553209e+00
1.677700000000000000e+04 5.727000000000000455e+02 1.050000000000000000e+08 2.346781680507917134e+00
1.455500000000000000e+04 5.661499999999999773e+02 1.100000000000000000e+08 2.346779916428280988e+00
1.262700000000000000e+04 5.603400000000000318e+02 1.100000000000000000e+08 2.346782113843303375e+00
1.095400000000000000e+04 5.552599999999999909e+02 1.150000000000000000e+08 2.346788713420933092e+00
9.503200000000000728e+03 5.506200000000000045e+02 1.200000000000000000e+08 2.346792010126296013e+00
8.244500000000000000e+03 5.459800000000000182e+02 1.250000000000000000e+08 2.346787748843676358e+00
7.152399999999999636e+03 5.415599999999999454e+02 1.300000000000000000e+08 2.346783487606893370e+00
6.205000000000000000e+03 5.373799999999999955e+02 1.350000000000000000e+08 2.346779079474944130e+00
5.383100000000000364e+03 5.334299999999999500e+02 1.400000000000000000e+08 2.346777386619274264e+00
4.670100000000000364e+03 5.296900000000000546e+02 1.450000000000000000e+08 2.346778262106075541e+00
4.051500000000000455e+03 5.258899999999999864e+02 1.500000000000000000e+08 2.346782146701136718e+00
3.514800000000000182e+03 5.216799999999999500e+02 1.550000000000000000e+08 2.346784197598903443e+00
3.049300000000000182e+03 5.172200000000000273e+02 1.600000000000000000e+08 2.346789551461030410e+00
2.645400000000000091e+03 5.124199999999999591e+02 1.650000000000000000e+08 2.346787494230949012e+00
2.295000000000000000e+03 5.071800000000000068e+02 1.750000000000000000e+08 2.346783750273865543e+00
1.991000000000000227e+03 5.017799999999999727e+02 1.800000000000000000e+08 2.346783015451491927e+00
1.727299999999999955e+03 4.968799999999999955e+02 1.850000000000000000e+08 2.346781692949849951e+00
1.498500000000000000e+03 4.923799999999999955e+02 1.900000000000000000e+08 2.346779929677239362e+00
1.300000000000000000e+03 4.880500000000000114e+02 1.950000000000000000e+08 2.346780734736301888e+00
1.127799999999999955e+03 4.838899999999999864e+02 2.050000000000000000e+08 2.346784108122168089e+00
9.783999999999999773e+02 4.798799999999999955e+02 2.150000000000000000e+08 2.346787481516448004e+00
8.488000000000000682e+02 4.760099999999999909e+02 2.250000000000000000e+08 2.346785571353505961e+00
7.363999999999999773e+02 4.722699999999999818e+02 2.300000000000000000e+08 2.346783661195522619e+00
6.388000000000000682e+02 4.686399999999999864e+02 2.350000000000000000e+08 2.346781751041312258e+00
5.542000000000000455e+02 4.651200000000000045e+02 2.450000000000000000e+08 2.346779840889845037e+00
4.807999999999999545e+02 4.617300000000000182e+02 2.550000000000000000e+08 2.346780645991545899e+00
4.171000000000000227e+02 4.584700000000000273e+02 2.650000000000000000e+08 2.346781304162567139e+00
3.619000000000000341e+02 4.553500000000000227e+02 2.750000000000000000e+08 2.346782109269440308e+00
3.138999999999999773e+02 4.523799999999999955e+02 2.850000000000000000e+08 2.346785335761766067e+00
2.724000000000000341e+02 4.496000000000000227e+02 3.000000000000000000e+08 2.346785993939461079e+00
2.363000000000000114e+02 4.470199999999999818e+02 3.150000000000000000e+08 2.346784083803262977e+00
2.050000000000000000e+02 4.446899999999999977e+02 3.250000000000000000e+08 2.346782026736015325e+00
1.778000000000000114e+02 4.426899999999999977e+02 3.350000000000000000e+08 2.346782537990093509e+00
